-6.000000E+1,1.096000E-10,-5.062000E-10
-5.800000E+1,9.590000E-11,-2.795000E-10
-5.600000E+1,8.720000E-11,-2.317000E-10
-5.400000E+1,8.020000E-11,-1.990000E-10
-5.200000E+1,7.410000E-11,-1.740000E-10
-5.000000E+1,6.960000E-11,-1.534000E-10
-4.800000E+1,6.390000E-11,-1.353000E-10
-4.600000E+1,5.830000E-11,-1.171000E-10
-4.400000E+1,5.390000E-11,-9.930000E-11
-4.200000E+1,5.010000E-11,-8.630000E-11
-4.000000E+1,4.650000E-11,-7.630000E-11
-3.800000E+1,4.340000E-11,-6.760000E-11
-3.600000E+1,3.960000E-11,-5.600000E-11
-3.400000E+1,3.520000E-11,-4.670000E-11
-3.200000E+1,3.200000E-11,-3.680000E-11
-3.000000E+1,2.840000E-11,-2.700000E-11
-2.800000E+1,2.550000E-11,-1.780000E-11
-2.600000E+1,2.120000E-11,-1.030000E-11
-2.400000E+1,1.970000E-11,-5.600000E-12
-2.200000E+1,1.620000E-11,3.100000E-12
-2.000000E+1,1.310000E-11,8.200000E-12
-1.800000E+1,1.010000E-11,1.540000E-11
-1.600000E+1,7.100000E-12,2.280000E-11
-1.400000E+1,4.400000E-12,3.020000E-11
-1.200000E+1,1.300000E-12,3.620000E-11
-1.000000E+1,-6.000000E-13,4.300000E-11
-8.000000E+0,-3.400000E-12,4.690000E-11
-6.000000E+0,-6.300000E-12,5.210000E-11
-4.000000E+0,-8.300000E-12,5.870000E-11
-2.000000E+0,-1.080000E-11,6.430000E-11
0.000000E+0,-1.420000E-11,7.110000E-11
2.000000E+0,-1.620000E-11,7.560000E-11
4.000000E+0,-1.880000E-11,7.920000E-11
6.000000E+0,-2.070000E-11,8.430000E-11
8.000000E+0,-2.390000E-11,8.970000E-11
1.000000E+1,-2.600000E-11,9.480000E-11
1.200000E+1,-2.870000E-11,9.920000E-11
1.400000E+1,-3.040000E-11,1.041000E-10
1.600000E+1,-3.310000E-11,1.087000E-10
1.800000E+1,-3.500000E-11,1.135000E-10
2.000000E+1,-3.720000E-11,1.206000E-10
2.200000E+1,-4.020000E-11,1.250000E-10
2.400000E+1,-4.170000E-11,1.291000E-10
2.600000E+1,-4.310000E-11,1.328000E-10
2.800000E+1,-4.540000E-11,1.369000E-10
3.000000E+1,-4.770000E-11,1.415000E-10
3.200000E+1,-4.940000E-11,1.462000E-10
3.400000E+1,-5.050000E-11,1.518000E-10
3.600000E+1,-5.360000E-11,1.566000E-10
3.800000E+1,-5.480000E-11,1.608000E-10
4.000000E+1,-5.680000E-11,1.647000E-10
4.200000E+1,-5.830000E-11,1.683000E-10
4.400000E+1,-6.120000E-11,1.714000E-10
4.600000E+1,-6.350000E-11,1.770000E-10
4.800000E+1,-6.510000E-11,1.827000E-10
5.000000E+1,-6.770000E-11,1.883000E-10
5.200000E+1,-6.930000E-11,1.937000E-10
5.400000E+1,-7.180000E-11,1.970000E-10
5.600000E+1,-7.380000E-11,1.985000E-10
5.800000E+1,-7.590000E-11,2.037000E-10
6.000000E+1,-7.740000E-11,2.068000E-10
6.000000E+1,-7.820000E-11,2.056000E-10
5.800000E+1,-7.060000E-11,1.719000E-10
5.600000E+1,-6.540000E-11,1.471000E-10
5.400000E+1,-6.170000E-11,1.279000E-10
5.200000E+1,-5.820000E-11,1.113000E-10
5.000000E+1,-5.470000E-11,9.870000E-11
4.800000E+1,-5.130000E-11,8.960000E-11
4.600000E+1,-4.800000E-11,8.150000E-11
4.400000E+1,-4.450000E-11,6.990000E-11
4.200000E+1,-4.160000E-11,5.810000E-11
4.000000E+1,-3.840000E-11,5.030000E-11
3.800000E+1,-3.570000E-11,4.200000E-11
3.600000E+1,-3.250000E-11,3.350000E-11
3.400000E+1,-3.020000E-11,2.640000E-11
3.200000E+1,-2.650000E-11,1.950000E-11
3.000000E+1,-2.380000E-11,1.530000E-11
2.800000E+1,-2.160000E-11,6.000000E-12
2.600000E+1,-1.870000E-11,-1.100000E-12
2.400000E+1,-1.590000E-11,-8.100000E-12
2.200000E+1,-1.300000E-11,-1.380000E-11
2.000000E+1,-1.030000E-11,-1.960000E-11
1.800000E+1,-8.700000E-12,-2.520000E-11
1.600000E+1,-5.700000E-12,-3.090000E-11
1.400000E+1,-3.100000E-12,-3.790000E-11
1.200000E+1,-3.000000E-13,-4.340000E-11
1.000000E+1,2.000000E-12,-4.700000E-11
8.000000E+0,4.600000E-12,-5.260000E-11
6.000000E+0,6.500000E-12,-5.790000E-11
4.000000E+0,9.500000E-12,-6.290000E-11
2.000000E+0,1.240000E-11,-6.680000E-11
0.000000E+0,1.440000E-11,-7.170000E-11
-2.000000E+0,1.640000E-11,-7.720000E-11
-4.000000E+0,1.870000E-11,-8.050000E-11
-6.000000E+0,2.100000E-11,-8.780000E-11
-8.000000E+0,2.300000E-11,-9.330000E-11
-1.000000E+1,2.490000E-11,-9.910000E-11
-1.200000E+1,2.690000E-11,-1.041000E-10
-1.400000E+1,2.830000E-11,-1.096000E-10
-1.600000E+1,3.000000E-11,-1.136000E-10
-1.800000E+1,3.250000E-11,-1.157000E-10
-2.000000E+1,3.500000E-11,-1.202000E-10
-2.200000E+1,3.700000E-11,-1.242000E-10
-2.400000E+1,4.010000E-11,-1.301000E-10
-2.600000E+1,4.250000E-11,-1.324000E-10
-2.800000E+1,4.410000E-11,-1.388000E-10
-3.000000E+1,4.680000E-11,-1.413000E-10
-3.200000E+1,4.880000E-11,-1.433000E-10
-3.400000E+1,5.160000E-11,-1.471000E-10
-3.600000E+1,5.350000E-11,-1.522000E-10
-3.800000E+1,5.620000E-11,-1.573000E-10
-4.000000E+1,5.880000E-11,-1.618000E-10
-4.200000E+1,6.070000E-11,-1.672000E-10
-4.400000E+1,6.300000E-11,-1.716000E-10
-4.600000E+1,6.510000E-11,-1.751000E-10
-4.800000E+1,6.730000E-11,-1.748000E-10
-5.000000E+1,6.870000E-11,-1.793000E-10
-5.200000E+1,7.180000E-11,-1.845000E-10
-5.400000E+1,7.480000E-11,-1.902000E-10
-5.600000E+1,7.670000E-11,-1.951000E-10
-5.800000E+1,7.890000E-11,-1.987000E-10
-6.000000E+1,8.080000E-11,-2.023000E-10
